1111001110011111100011100011110001000011
1110001110110101001011110111100100100000
1111110101000011011110011000010000001100
0111110110100010001110110010011000110110
0001000110011110001101010011111010101111
0000010000000100100111001011101001100111
1001111111110111101101011000100001111100
1100101000110001101010111001001100100100
1111110101101111011110010011000111100100
1111111111100001101010101101101000111010
1011010011000001111101001110010101011010
0111110101010100110000110100000100001100
0000010110110011011100000101111000110001
0011101101111011000000010001100011001100
0010000110011110011101111100000110111000
0100000010110111000100011000001100101110
0000111000000111001101101110110111110011
1100111001010111001000111001101110000000
1110101001001010100011100011000111000111
1101011001111001111010001100100000110101
0101110111111010101101010101000101011010
0000010111001000101110101100001111000010
0001000000110011001101001111000011101100
1111101011011100010110101110111101110100
1011101001010010100100011101101001011000
1000101110000001001111001110000100111111
1101110100000111000011000111101100000010
1101000010110000100011001100101111110101
1100010000101101100000110110111010110111
1101101001011111010000000001101011111001
1001011010110011011110011010011101001001
1001010100110010001110101001001111101101
1101101110010010100010110100100000101100
1011011100010111101000001110000000001011
0111110111111011110010000011001101101101
0110010001010011100010010000100101100110
1000001110100010010001110000001011011010
0010000000110010101010110110111001000100
1100001010110011101010100111010111100100
0011110010010001001011110101011001010010
