0010111101010000001010100111100000100010
1111101000010010010011010011011000011110
1100000100000101110110101001001111011001
1011111110010000010000101000111011110001
0110010110011001101100101100001100101110
1000010010111010110111001101011101000010
1000110101001100011100101101101101110101
0011101110011110001001100001010101011011
1000100000101010100001011000011001101110
0110010001111100101000010110000001001110
0110101000100010010110000101000011100100
1100101000001101010101101000010001110010
0100110001100010111001110000010111001010
1110000110110111100101010111001011011101
0101001011000001101101100111100010101101
1111001000000110000100111101100101100011
0101101101001110111110100101101111111110
0110011011010010011100101001010111111010
0100101100110101110110100000011110000010
0110111000111000101100001100101010110101
1011000001001110011000100000011110100111
1111011010101001011100100100111010011101
0011111010010111000000110011111010100000
1110101000001111110100110100000001011101
1011010001010100010101011111000001100010
0110111111011010011111100010101110000000
1001001101000100111001010011000111010001
0111101011111011011111011111101111111000
1101110011101010001111000110011001100111
0000101001010111101110011001111100001010
1011001010010110010001001000101100110000
0111010001000100110101110110101000111010
1000110010101100011010010011011011000001
0010111010011110000011100110010100001110
1100001000011000001110100001010100000101
0101110011010100011001110010101100111010
0010001101101111000100010011100110011110
0100001010010011010100111110101100100001
1000001011011001101010000001111111001100
1000001010011101000110010000111111100001
